          90
          20
           1
          45          21
          14
          11          21
          13          21
          15          21
          17          21
          19          21
          21          21
          23          21
          25          21
          27          21
          31          21
          33          21
          35          21
          37          21
          39          21
           2
          47          21
          12
          17          21
          19          21
          21          21
          23          21
          25          21
          27          21
          31          21
          33          21
          35          21
          37          21
          39          21
          41          21
           3
          49          21
          13
          13          21
          15          21
          21          21
          23          21
          25          21
          27          21
          31          21
          33          21
          35          21
          37          21
          39          21
          41          21
          43          21
           4
          51          21
          10
          25          21
          27          21
          31          21
          33          21
          35          21
          37          21
          39          21
          41          21
          43          21
          45          21
           5
          53          21
          10
          25          21
          27          21
          31          21
          35          21
          37          21
          39          21
          41          21
          43          21
          45          21
          47          21
           6
          55          21
          12
          25          21
          27          21
          31          21
          33          21
          35          21
          37          21
          39          21
          41          21
          43          21
          45          21
          47          21
          49          21
           7
          57          21
          11
          31          21
          33          21
          35          21
          37          21
          39          21
          41          21
          43          21
          45          21
          47          21
          49          21
          51          21
           8
          59          21
          11
          31          21
          33          21
          35          21
          39          21
          41          21
          43          21
          45          21
          47          21
          49          21
          51          21
          53          21
           9
          61          21
           9
          31          21
          35          21
          43          21
          45          21
          47          21
          49          21
          51          21
          53          21
          55          21
          10
          63          21
          13
          33          21
          35          21
          37          21
          39          21
          41          21
          43          21
          45          21
          47          21
          49          21
          51          21
          53          21
          55          21
          57          21
          11
          65          21
          12
          37          21
          39          21
          41          21
          43          21
          45          21
          47          21
          49          21
          51          21
          53          21
          55          21
          57          21
          59          21
          12
          67          21
          12
          39          21
          41          21
          43          21
          45          21
          47          21
          49          21
          51          21
          53          21
          55          21
          57          21
          59          21
          61          21
          13
          69          21
          11
          33          21
          41          21
          47          21
          49          21
          51          21
          53          21
          55          21
          57          21
          59          21
          61          21
          63          21
          14
          71          21
           9
          49          21
          51          21
          53          21
          55          21
          57          21
          59          21
          61          21
          63          21
          65          21
          15
          73          21
          12
          45          21
          47          21
          49          21
          51          21
          53          21
          55          21
          57          21
          59          21
          61          21
          63          21
          65          21
          67          21
          16
          75          21
          12
          45          21
          49          21
          51          21
          53          21
          55          21
          57          21
          59          21
          61          21
          63          21
          65          21
          67          21
          69          21
          17
          77          21
          12
          49          21
          51          21
          53          21
          55          21
          57          21
          59          21
          61          21
          63          21
          65          21
          67          21
          69          21
          71          21
          18
          79          21
          18
          39          21
          41          21
          43          21
          45          21
          47          21
          49          21
          51          21
          53          21
          55          21
          57          21
          59          21
          61          21
          63          21
          65          21
          67          21
          69          21
          71          21
          73          21
          19
          81          21
           8
          49          21
          50          21
          51          21
          52          21
          53          21
          54          21
          55          21
          56          21
          20
          83          21
           9
          57          21
          59          21
          65          21
          67          21
          69          21
          71          21
          73          21
          75          21
          77          21
          21
          85          21
          10
          61          21
          63          21
          65          21
          67          21
          69          21
          71          21
          73          21
          75          21
          77          21
          79          21
          22
          87          21
           5
          73          21
          75          21
          77          21
          79          21
          81          21
          23
          89          21
          13
          59          21
          61          21
          63          21
          65          21
          67          21
          69          21
          71          21
          73          21
          75          21
          77          21
          79          21
          81          21
          83          21
          24
          91          21
          13
          61          21
          63          21
          65          21
          67          21
          69          21
          71          21
          73          21
          75          21
          77          21
          79          21
          81          21
          83          21
          85          21
          25
          93          21
          12
          65          21
          67          21
          69          21
          71          21
          73          21
          75          21
          77          21
          79          21
          81          21
          83          21
          85          21
          87          21
          26
          95          21
          10
          71          21
          73          21
          75          21
          77          21
          79          21
          81          21
          83          21
          85          21
          87          21
          89          21
          27
          97          21
          14
          65          21
          67          21
          69          21
          71          21
          73          21
          75          21
          77          21
          79          21
          81          21
          83          21
          85          21
          87          21
          89          21
          91          21
          28
          99          21
           7
          79          21
          81          21
          85          21
          87          21
          89          21
          91          21
          93          21
          29
         101          21
          11
          75          21
          77          21
          79          21
          81          21
          83          21
          85          21
          87          21
          89          21
          91          21
          93          21
          95          21
          30
         107          21
          12
          79          21
          81          21
          83          21
          85          21
          87          21
          89          21
          91          21
          93          21
          95          21
          97          21
          99          21
         101          21
          31
         109          21
          12
          75          21
          81          21
          83          21
          87          21
          89          21
          91          21
          93          21
          95          21
          97          21
          99          21
         101          21
         103          21
          32
         111          21
          12
          79          21
          85          21
          87          21
          89          21
          91          21
          93          21
          95          21
          97          21
          99          21
         101          21
         103          21
         105          21
          33
         113          21
          10
          85          21
          91          21
          93          21
          95          21
          97          21
          99          21
         101          21
         103          21
         105          21
         107          21
          34
         115          21
          10
          87          21
          89          21
          95          21
          97          21
          99          21
         101          21
         103          21
         105          21
         107          21
         109          21
          35
         117          21
          10
          93          21
          95          21
          97          21
          99          21
         101          21
         103          21
         105          21
         107          21
         109          21
         111          21
          36
         119          21
          13
          89          21
          91          21
          93          21
          95          21
          97          21
          99          21
         101          21
         103          21
         105          21
         107          21
         109          21
         111          21
         113          21
          37
         121          21
          12
          93          21
          95          21
          97          21
          99          21
         101          21
         103          21
         105          21
         107          21
         109          21
         111          21
         113          21
         115          21
          38
         123          21
          13
          91          21
          95          21
          97          21
          99          21
         101          21
         103          21
         105          21
         107          21
         109          21
         111          21
         113          21
         115          21
         117          21
          39
         125          21
          13
          95          21
          97          21
          99          21
         101          21
         103          21
         105          21
         107          21
         109          21
         111          21
         113          21
         115          21
         117          21
         119          21
          40
         127          21
          15
          93          21
          95          21
          97          21
          99          21
         101          21
         103          21
         105          21
         107          21
         109          21
         111          21
         113          21
         115          21
         117          21
         119          21
         121          21
          41
         129          21
          11
         101          21
         105          21
         107          21
         109          21
         111          21
         113          21
         115          21
         117          21
         119          21
         121          21
         123          21
          42
         131          21
           8
         111          21
         113          21
         115          21
         117          21
         119          21
         121          21
         123          21
         125          21
          43
         133          21
           1
         127          21
          44
         135          21
           8
         109          21
         111          21
         113          21
         115          21
         121          21
         123          21
         125          21
         127          21
          45
         137          21
          16
         101          21
         103          21
         105          21
         107          21
         109          21
         111          21
         113          21
         115          21
         117          21
         119          21
         121          21
         123          21
         125          21
         127          21
         129          21
         131          21
          46
         139          21
          15
         103          21
         105          21
         107          21
         109          21
         111          21
         115          21
         117          21
         119          21
         121          21
         123          21
         125          21
         127          21
         129          21
         131          21
         133          21
          47
         141          21
          14
         109          21
         111          21
         113          21
         115          21
         117          21
         119          21
         121          21
         123          21
         125          21
         127          21
         129          21
         131          21
         133          21
         135          21
          48
         143          21
          13
         105          21
         107          21
         117          21
         119          21
         121          21
         123          21
         125          21
         127          21
         129          21
         131          21
         133          21
         135          21
         137          21
          49
         145          21
          10
         121          21
         123          21
         125          21
         127          21
         129          21
         131          21
         133          21
         135          21
         137          21
         139          21
          50
         147          21
           9
         125          21
         127          21
         129          21
         131          21
         133          21
         135          21
         137          21
         139          21
         141          21
          51
         149          21
          12
         119          21
         121          21
         123          21
         127          21
         129          21
         131          21
         133          21
         135          21
         137          21
         139          21
         141          21
         143          21
          52
         151          21
          10
         121          21
         127          21
         129          21
         131          21
         133          21
         135          21
         139          21
         141          21
         143          21
         145          21
          53
         153          21
          11
         127          21
         129          21
         131          21
         133          21
         135          21
         137          21
         139          21
         141          21
         143          21
         145          21
         147          21
          54
         155          21
          11
         129          21
         131          21
         133          21
         135          21
         137          21
         139          21
         141          21
         143          21
         145          21
         147          21
         149          21
          55
         157          21
          10
         131          21
         135          21
         137          21
         139          21
         141          21
         143          21
         145          21
         147          21
         149          21
         151          21
          56
         159          21
          14
         127          21
         129          21
         131          21
         133          21
         135          21
         137          21
         139          21
         141          21
         143          21
         145          21
         147          21
         149          21
         151          21
         153          21
          57
         161          21
          15
         125          21
         127          21
         129          21
         131          21
         135          21
         137          21
         139          21
         141          21
         143          21
         145          21
         147          21
         149          21
         151          21
         153          21
         155          21
          58
         163          21
          10
         137          21
         139          21
         141          21
         143          21
         145          21
         147          21
         149          21
         151          21
         153          21
         155          21
          59
         165          21
          15
         129          21
         131          21
         135          21
         137          21
         139          21
         141          21
         143          21
         145          21
         147          21
         149          21
         151          21
         153          21
         155          21
         157          21
         159          21
          60
         167          21
          12
         135          21
         139          21
         141          21
         143          21
         145          21
         147          21
         149          21
         151          21
         153          21
         155          21
         157          21
         159          21
          61
         169          21
           7
         147          21
         149          21
         151          21
         153          21
         155          21
         157          21
         159          21
          62
         171          21
          14
         137          21
         141          21
         143          21
         145          21
         147          21
         149          21
         151          21
         153          21
         155          21
         157          21
         159          21
         161          21
         163          21
         165          21
          63
         173          21
          13
         129          21
         137          21
         139          21
         141          21
         151          21
         153          21
         155          21
         157          21
         159          21
         161          21
         163          21
         165          21
         167          21
          64
         175          21
          13
         131          21
         141          21
         143          21
         151          21
         153          21
         155          21
         157          21
         159          21
         161          21
         163          21
         165          21
         167          21
         169          21
          65
         177          21
          12
         147          21
         151          21
         153          21
         155          21
         157          21
         159          21
         161          21
         163          21
         165          21
         167          21
         169          21
         171          21
          66
         179          21
          14
         143          21
         147          21
         149          21
         151          21
         153          21
         155          21
         157          21
         159          21
         161          21
         163          21
         167          21
         169          21
         171          21
         173          21
          67
         181          21
          14
         141          21
         143          21
         147          21
         151          21
         153          21
         155          21
         157          21
         159          21
         161          21
         163          21
         165          21
         167          21
         169          21
         171          21
          68
         183          21
          17
         145          21
         147          21
         149          21
         151          21
         153          21
         155          21
         157          21
         159          21
         161          21
         163          21
         165          21
         167          21
         169          21
         171          21
         173          21
         175          21
         177          21
          69
         185          21
          15
         143          21
         151          21
         153          21
         155          21
         157          21
         159          21
         161          21
         163          21
         165          21
         167          21
         169          21
         171          21
         173          21
         175          21
         177          21
          70
         187          21
          14
         155          21
         157          21
         159          21
         161          21
         163          21
         165          21
         167          21
         169          21
         171          21
         173          21
         175          21
         177          21
         179          21
         181          21
          71
         189          21
           4
         177          21
         179          21
         181          21
         183          21
          72
         191          21
          11
         155          21
         167          21
         169          21
         171          21
         173          21
         175          21
         177          21
         179          21
         181          21
         183          21
         185          21
          73
         193          21
          12
         165          21
         167          21
         169          21
         171          21
         173          21
         175          21
         177          21
         179          21
         181          21
         183          21
         185          21
         187          21
          74
         195          21
           8
         171          21
         175          21
         177          21
         179          21
         181          21
         183          21
         185          21
         187          21
          75
         197          21
          10
         165          21
         167          21
         169          21
         171          21
         175          21
         177          21
         181          21
         183          21
         185          21
         187          21
          76
         199          21
          16
         159          21
         161          21
         163          21
         165          21
         167          21
         169          21
         171          21
         173          21
         175          21
         177          21
         179          21
         181          21
         183          21
         185          21
         187          21
         191          21
          77
         201          21
          14
         157          21
         161          21
         167          21
         169          21
         171          21
         173          21
         175          21
         177          21
         179          21
         181          21
         183          21
         185          21
         187          21
         191          21
          78
         203          21
           6
         167          21
         185          21
         187          21
         191          21
         193          21
         197          21
          79
         205          21
          12
         161          21
         173          21
         177          21
         179          21
         181          21
         183          21
         185          21
         187          21
         191          21
         193          21
         195          21
         197          21
          80
         207          21
          13
         165          21
         171          21
         177          21
         179          21
         181          21
         183          21
         185          21
         187          21
         191          21
         193          21
         195          21
         197          21
         199          21
          81
         209          21
          10
         183          21
         185          21
         187          21
         191          21
         193          21
         195          21
         197          21
         199          21
         201          21
         203          21
          82
         211          21
          10
         185          21
         187          21
         191          21
         193          21
         195          21
         197          21
         199          21
         201          21
         203          21
         205          21
          83
         213          21
           8
         175          21
         191          21
         197          21
         199          21
         201          21
         203          21
         205          21
         207          21
          84
         215          21
           8
         187          21
         197          21
         199          21
         201          21
         203          21
         205          21
         207          21
         209          21
          85
         217          21
           6
         193          21
         195          21
         205          21
         207          21
         209          21
         211          21
          86
         219          21
          16
         181          21
         183          21
         185          21
         187          21
         191          21
         193          21
         195          21
         197          21
         199          21
         201          21
         203          21
         205          21
         207          21
         209          21
         211          21
         213          21
          87
         221          21
          15
         179          21
         181          21
         183          21
         185          21
         195          21
         197          21
         199          21
         201          21
         203          21
         205          21
         207          21
         209          21
         211          21
         213          21
         215          21
          88
         223          21
          12
         195          21
         197          21
         199          21
         201          21
         203          21
         205          21
         207          21
         209          21
         211          21
         213          21
         215          21
         217          21
          89
         225          21
          11
         199          21
         201          21
         203          21
         205          21
         207          21
         209          21
         211          21
         213          21
         215          21
         217          21
         219          21
          90
         227          21
          10
         203          21
         205          21
         207          21
         209          21
         211          21
         213          21
         215          21
         217          21
         219          21
         221          21
